[convection]
rho_air = 1.225
cp_air = 1005
lv = 2.5e6
g = 9.81
beta = 0.00333
nu_air = 1.5e-5
pr = 0.71
k_air = 0.025
l = 1.0
h_forced = 3

[pavement]
phi = 0.4
total_depth = 0.3
dx = 0.05
layer1_end = 0.05
layer2_thickness = 0.02
layer3_thickness = 0.12
reflectivity = 0.2
emissivity = 0.3

[layer1]
rho_s = 2000.0
c_s = 880.0
lam_s = 0.68
rho_f = 1000.0
c_f = 4186.0
lam_f = 0.6
f_lam_layer1 = 1

[layer2]
rho = 2100.0
c = 800.0
lam = 0.9

[layer3]
rho = 1400.0
c = 900.0
lam = 0.55

[layer4]
rho = 1700.0
c = 840.0
lam = 1.78

[general]
dt = 600
csh = 0.5
p = 101325
sigma_const = 5.67e-8
initial_temperature = 40
l_latent = 2.45e6

[calibration]
reflectivity = 0.32215412517774333
reflectivity_min = 0.1
reflectivity_max = 0.4
emissivity = 0.4988701909470784
emissivity_min = 0.01
emissivity_max = 0.5
f_lam_layer1 = 0.010225770800688493
f_lam_layer1_min = 0.01
f_lam_layer1_max = 4
h_forced = 3.9748662921323
h_forced_min = 1
h_forced_max = 10
phi = 0.11941607542977978
phi_min = 0.1
phi_max = 0.4
csh = 0.44201757826942567
csh_min = 0.3
csh_max = 0.7

