[convection]
rho_air = 1.225
cp_air = 1005
lv = 2.5e6
g = 9.81
beta = 0.00333
nu_air = 1.5e-5
pr = 0.71
k_air = 0.025
l = 1.0
h_forced = 40

[pavement]
phi = 0.1
total_depth = 0.3
dx = 0.05
layer1_end = 0.05
layer2_thickness = 0.02
layer3_thickness = 0.12
reflectivity = 0.15
emissivity = 0.91

[layer1]
rho_s = 2300
c_s = 1100
lam_s = 1.2
rho_f = 2500
c_f = 1100
lam_f = 1.2
f_lam_layer1 = 1

[layer2]
rho = 2100.0
c = 800.0
lam = 0.9

[layer3]
rho = 1400.0
c = 900.0
lam = 0.55

[layer4]
rho = 1700.0
c = 840.0
lam = 1.78

[general]
dt = 600
csh = 0.5
p = 101325
sigma_const = 5.67e-8
initial_temperature = 40
l_latent = 2.45e6
rho_water = 1000
cp_water = 4186

[calibration]
h_forced = 70.69191322642837
h_forced_min = 10
h_forced_max = 100
reflectivity = 0.05
reflectivity_min = 0.05
reflectivity_max = 0.25
emissivity = 0.8
emissivity_min = 0.8
emissivity_max = 0.92

