[convection]
rho_air = 1.225
cp_air = 1005
lv = 2.5e6
g = 9.81
beta = 0.00333
nu_air = 1.5e-5
pr = 0.71
k_air = 0.025
l = 1.0
h_forced = 40

[pavement]
phi = 0.2
total_depth = 0.3
dx = 0.05
layer1_end = 0.05
layer2_thickness = 0.02
layer3_thickness = 0.12
reflectivity = 0.15
emissivity = 0.91

[layer1]
rho_s = 2100
c_s = 1100
lam_s = 1
rho_f = 2100
c_f = 1100
lam_f = 1
f_lam_layer1 = 1

[layer2]
rho_l2 = 2100.0
c_l2 = 800.0
lam_l2 = 0.9

[layer3]
rho_l3 = 1400.0
c_l3 = 900.0
lam_l3 = 0.55

[layer4]
rho_l4 = 1700.0
c_l4 = 840.0
lam_l4 = 1.78

[general]
dt = 3600
csh = 0.5
p = 101325
sigma_const = 5.67e-8
initial_temperature = 40
l_latent = 2.45e6
rho_water = 1000
cp_water = 4186

[calibration]
rho_l2 = 1503.0674287598863
rho_l2_min = 1500.0
rho_l2_max = 2400.0
c_l2 = 938.8526487054753
c_l2_min = 400
c_l2_max = 1200
lam_l2 = 1.7306019995026543
lam_l2_min = 0.5
lam_l2_max = 2
rho_l3 = 1929.3725278961426
rho_l3_min = 900
rho_l3_max = 2100
c_l3 = 972.9657188665052
c_l3_min = 400
c_l3_max = 1200
lam_l3 = 0.3587480862662718
lam_l3_min = 0.3
lam_l3_max = 1.2
rho_l4 = 1783.538393204712
rho_l4_min = 1200
rho_l4_max = 2200
c_l4 = 1285.2295561741475
c_l4_min = 400
c_l4_max = 1400
lam_l4 = 0.49353264116452517
lam_l4_min = 0.4
lam_l4_max = 2.2

